Multiple size <= 100
TEST 1 ARG:1 79 96 47 73 86 35 75 3 46 58 18 36 28 7 33 95 66 71 44 39 5 22 91 74 32 98 21 48 69 17 52 85 8 68 87 40 42 76 15 80 97 49 81 51 10 77 94 14 88 12 72 6 4 34 90 63 43 16 37 30 45 24 29 93 89 84 0 23 60 19 9 92 83 62 50 11 59 70 31 13 41 61 78 2 82 26 55 57 65 99 54 67 56 38 25 64 20 53 27
TEST 2 ARG:68 98 37 10 22 60 41 14 25 72 3 56 58 43 13 50 20 23 74 31 93 73 21 8 76 35 84 81 32 34 9 66 5 29 92 97 82 99 49 77 57 44 86 27 89 40 67 24 88 55 15 46 71 59 11 38 7 26 62 42 17 12 1 47 53 65 91 45 48 6 39 75 16 80 51 64 0 79 30 52 4 87 54 96 19 18 61 94 78 83 28 63 2 90 95 69 85 70 36 33
TEST 3 ARG:35 10 63 45 58 56 17 14 83 47 98 25 92 29 91 8 22 37 39 7 57 5 78 84 95 94 0 13 4 76 61 64 44 23 85 51 75 65 59 99 36 74 80 60 54 34 30 43 15 52 1 26 62 11 88 24 86 32 49 68 70 53 41 89 82 28 81 96 93 42 55 46 9 27 38 69 67 19 21 18 87 90 73 97 77 2 3 48 6 33 40 50 16 12 72 79 71 31 66 20
TEST 4 ARG:57 86 61 64 50 49 80 76 22 30 92 65 1 56 48 21 45 36 85 33 32 7 2 20 63 16 9 35 5 6 24 27 51 81 84 59 23 34 38 74 83 14 52 79 40 13 87 44 66 41 37 31 54 3 90 99 43 46 89 69 12 17 25 29 42 96 93 18 91 55 60 28 78 70 71 95 72 73 11 77 8 0 47 10 75 19 53 97 67 94 88 15 82 62 39 26 58 68 4 98
TEST 5 ARG:12 86 89 63 59 72 31 99 32 13 9 21 29 84 18 87 58 64 10 53 88 19 97 20 34 93 65 61 74 83 70 79 41 22 6 67 68 82 33 36 3 25 38 43 78 11 60 15 71 23 4 49 77 42 95 69 96 30 76 52 28 2 55 26 48 37 1 66 92 14 51 94 50 81 7 27 17 16 45 57 5 56 40 54 47 8 98 90 73 35 46 85 91 62 44 39 80 24 75 0
TEST 6 ARG:20 24 30 87 53 5 23 80 74 45 4 2 68 70 14 89 48 47 46 52 54 73 42 34 94 3 37 64 88 38 16 62 10 59 11 22 33 93 36 79 66 75 12 32 82 90 95 76 78 44 84 25 15 69 60 50 28 9 83 77 43 61 85 8 6 18 63 26 91 49 7 71 57 21 29 86 1 13 41 98 58 65 97 0 96 31 35 56 39 19 40 27 51 72 92 81 67 17 55 99
TEST 7 ARG:11 15 82 79 46 59 2 57 71 16 14 86 38 93 47 55 48 10 63 99 95 81 68 87 45 80 7 37 90 21 20 97 30 50 74 24 96 66 44 26 49 56 91 61 6 39 77 40 94 42 69 84 31 0 17 70 32 23 73 98 13 12 19 78 67 1 54 83 72 92 65 34 51 60 5 43 27 8 29 52 41 9 22 25 35 33 85 3 18 28 4 62 36 76 58 89 75 53 88 64
TEST 8 ARG:79 52 97 64 93 50 44 72 80 67 90 40 49 24 31 7 10 29 88 5 77 8 61 99 87 6 25 86 0 23 73 85 56 74 16 60 54 53 69 30 45 63 26 92 76 89 32 4 33 46 37 36 27 12 83 2 17 82 57 84 81 59 14 66 95 96 3 13 41 91 98 68 51 65 48 21 47 20 78 43 71 39 18 94 28 9 75 22 55 42 15 35 58 70 1 11 19 38 62 34
TEST 9 ARG:52 45 84 85 22 75 5 96 82 97 27 44 86 66 1 12 24 90 98 88 46 0 71 10 57 16 81 83 56 72 20 11 2 14 19 95 63 3 73 92 80 93 32 29 55 41 64 36 21 15 54 43 61 69 94 17 40 79 13 33 23 87 77 31 70 28 35 76 42 25 30 37 58 53 67 4 65 49 9 59 38 47 51 6 78 60 89 18 39 48 62 7 74 68 91 26 8 50 99 34
TEST 10 ARG:13 99 70 97 33 86 24 80 52 44 21 25 77 57 17 19 20 78 37 2 67 81 34 11 72 98 83 10 96 82 62 4 32 15 89 65 12 63 39 84 42 79 40 1 85 51 36 92 46 22 27 3 8 28 93 59 71 31 56 48 88 49 54 41 68 64 7 16 61 87 29 43 90 75 60 38 9 6 94 76 35 69 74 95 91 5 66 0 53 26 47 14 18 23 50 58 45 73 55 30
Multiple size <= 500
TEST 1 ARG:-98 39 -130 -27 2 41 194 189 123 166 13 1 129 36 -77 137 85 183 69 -54 -71 -238 8 136 -199 -150 -215 -99 -52 -22 -17 51 -60 160 171 60 -131 168 146 -241 231 -55 -232 179 -243 115 -124 -155 -210 23 -101 -153 -1 216 -25 106 53 50 110 211 -85 -134 -225 230 223 -179 -159 4 -37 101 -180 184 -239 207 -105 -94 93 -176 -30 245 105 -69 127 135 -65 -116 -234 221 46 91 -167 233 175 176 147 7 225 -84 -73 -146 -95 -63 78 -64 151 67 140 -43 234 113 -118 -188 57 -89 48 -207 -245 77 112 180 -190 -121 174 -208 -126 241 29 21 102 196 -39 100 -144 116 -170 -114 185 193 205 208 191 -221 -53 76 95 144 16 -123 162 -122 228 155 -34 94 -41 -224 -192 177 -93 34 -250 -173 -169 15 141 -203 -183 -211 -139 172 -237 9 103 -236 -119 64 -2 -175 -229 200 -201 -46 -143 43 74 -240 -48 108 -104 -181 -6 248 -161 61 -244 -193 -40 206 130 114 -24 -38 -213 5 124 -202 -214 188 99 -165 87 -177 -91 6 40 -138 238 -235 27 -140 227 -103 96 22 44 31 -12 -29 -76 42 -174 163 -78 75 219 37 -136 122 -205 236 -10 10 -51 -50 -137 -62 -82 -195 235 -21 149 -96 158 128 12 -18 -13 -149 213 -145 -4 -231 -184 24 224 -75 -57 79 -58 -32 -141 212 -154 -79 -107 186 -151 84 -187 -206 -80 -42 247 -157 -102 -111 199 -182 -120 -108 226 -9 201 80 -33 204 54 47 157 -11 214 -247 164 -156 190 56 -125 86 -133 239 -67 169 -135 17 240 -196 -217 218 187 131 202 198 -242 -45 132 173 -16 119 58 -186 -168 209 203 -178 -189 -112 -14 -23 98 126 -113 -117 232 237 -164 -132 -160 -218 -129 -163 -200 -204 28 -44 -106 -222 -97 197 -220 -219 59 11 125 142 121 -19 118 -158 -70 -246 -68 -5 -15 -100 -90 45 244 148 104 66 83 68 -66 -128 -166 152 222 -248 -249 -198 161 217 73 229 243 -209 -83 -185 18 145 -61 30 120 -216 -47 156 -3 -92 -86 246 -49 -74 -26 71 33 165 159 192 32 -223 167 -7 -230 -109 63 195 -56 -227 210 117 153 -115 81 109 0 170 62 49 3 -226 -233 -20 -172 -147 88 -8 -59 -194 -35 52 242 249 -87 -162 -142 181 182 154 -72 72 139 -212 38 111 55 97 220 138 65 -191 134 -148 25 -228 -81 89 -152 178 -127 -28 143 26 -31 150 14 90 133 -197 -88 -110 35 -36 82 20 107 215 19 -171 92 70
TEST 1 ARG:-98 39 -130 -27 2 41 194 189 123 166 13 1 129 36 -77 137 85 183 69 -54 -71 -238 8 136 -199 -150 -215 -99 -52 -22 -17 51 -60 160 171 60 -131 168 146 -241 231 -55 -232 179 -243 115 -124 -155 -210 23 -101 -153 -1 216 -25 106 53 50 110 211 -85 -134 -225 230 223 -179 -159 4 -37 101 -180 184 -239 207 -105 -94 93 -176 -30 245 105 -69 127 135 -65 -116 -234 221 46 91 -167 233 175 176 147 7 225 -84 -73 -146 -95 -63 78 -64 151 67 140 -43 234 113 -118 -188 57 -89 48 -207 -245 77 112 180 -190 -121 174 -208 -126 241 29 21 102 196 -39 100 -144 116 -170 -114 185 193 205 208 191 -221 -53 76 95 144 16 -123 162 -122 228 155 -34 94 -41 -224 -192 177 -93 34 -250 -173 -169 15 141 -203 -183 -211 -139 172 -237 9 103 -236 -119 64 -2 -175 -229 200 -201 -46 -143 43 74 -240 -48 108 -104 -181 -6 248 -161 61 -244 -193 -40 206 130 114 -24 -38 -213 5 124 -202 -214 188 99 -165 87 -177 -91 6 40 -138 238 -235 27 -140 227 -103 96 22 44 31 -12 -29 -76 42 -174 163 -78 75 219 37 -136 122 -205 236 -10 10 -51 -50 -137 -62 -82 -195 235 -21 149 -96 158 128 12 -18 -13 -149 213 -145 -4 -231 -184 24 224 -75 -57 79 -58 -32 -141 212 -154 -79 -107 186 -151 84 -187 -206 -80 -42 247 -157 -102 -111 199 -182 -120 -108 226 -9 201 80 -33 204 54 47 157 -11 214 -247 164 -156 190 56 -125 86 -133 239 -67 169 -135 17 240 -196 -217 218 187 131 202 198 -242 -45 132 173 -16 119 58 -186 -168 209 203 -178 -189 -112 -14 -23 98 126 -113 -117 232 237 -164 -132 -160 -218 -129 -163 -200 -204 28 -44 -106 -222 -97 197 -220 -219 59 11 125 142 121 -19 118 -158 -70 -246 -68 -5 -15 -100 -90 45 244 148 104 66 83 68 -66 -128 -166 152 222 -248 -249 -198 161 217 73 229 243 -209 -83 -185 18 145 -61 30 120 -216 -47 156 -3 -92 -86 246 -49 -74 -26 71 33 165 159 192 32 -223 167 -7 -230 -109 63 195 -56 -227 210 117 153 -115 81 109 0 170 62 49 3 -226 -233 -20 -172 -147 88 -8 -59 -194 -35 52 242 249 -87 -162 -142 181 182 154 -72 72 139 -212 38 111 55 97 220 138 65 -191 134 -148 25 -228 -81 89 -152 178 -127 -28 143 26 -31 150 14 90 133 -197 -88 -110 35 -36 82 20 107 215 19 -171 92 70
TEST 2 ARG:170 154 -168 -125 -103 -34 -4 53 31 11 209 -137 -120 104 -212 3 92 -108 -218 137 -92 164 1 174 227 -146 -74 18 63 -16 -50 -95 156 -43 247 64 181 94 158 -190 -233 89 -122 65 -115 71 190 147 172 142 69 -154 145 -142 231 -7 194 67 76 100 186 -144 -191 -226 -124 17 32 43 -1 -244 111 -68 22 97 98 85 187 -240 62 -78 -182 201 232 220 -82 -131 78 -86 130 -155 -209 -40 14 45 -121 -163 109 235 -89 -169 -161 -165 -214 59 205 77 -203 55 -200 -198 -228 -133 234 224 -96 -10 -225 81 141 5 -237 -238 -75 84 248 2 35 122 8 -164 -192 222 -66 -175 -250 -247 -128 -12 167 178 114 -37 162 112 -162 245 243 99 -111 200 -141 -245 -80 -242 131 51 -76 20 129 42 -91 10 -189 -101 73 60 138 -104 7 -48 -119 -84 82 241 -236 160 74 23 -166 -29 -14 215 68 -8 185 -188 -246 -234 -9 -118 -87 -35 -58 -28 -232 58 -71 -55 189 50 -211 116 -90 157 -134 -187 -184 179 136 -54 -243 -185 153 72 166 -114 168 13 197 229 175 49 -183 -70 126 110 -206 101 -249 26 242 -215 -107 -145 246 128 188 56 192 48 -52 108 135 27 -2 -148 4 30 226 177 151 -153 219 240 -56 124 132 -18 -220 -26 230 149 125 -116 193 -239 9 46 -204 155 216 139 -150 180 38 -186 -45 -129 -65 -39 57 199 21 117 161 95 105 -41 134 -49 -63 12 -241 -147 152 -201 -27 148 -57 217 -46 -23 -217 41 -62 -224 195 54 -61 -171 -109 -152 -139 -123 90 -83 -174 -138 -219 -117 79 121 -231 88 25 -13 -157 -199 -216 93 123 118 249 -149 -100 -176 221 140 -178 103 -195 66 -172 -227 -6 -135 -21 233 127 -173 -73 119 -110 -77 19 -25 213 61 -15 210 238 24 228 -180 -222 159 -210 87 -22 -42 -47 182 91 -93 -32 -11 -156 96 -202 169 198 -99 107 163 -136 -94 113 -69 47 29 -170 -30 34 207 -205 80 -167 -19 120 176 -179 183 -72 106 -67 -81 -31 -181 -106 212 -98 -44 -208 36 -130 -197 -64 -53 -85 -112 206 -20 -88 -38 -235 70 -5 239 214 0 -24 40 -151 44 16 144 37 -33 -127 184 -213 211 208 -223 -97 -207 75 143 -230 -140 150 146 86 204 83 218 -160 52 33 -113 237 -177 225 133 173 -221 102 115 -102 -229 6 -126 -105 244 202 -3 196 191 -194 171 -79 -51 -60 236 165 28 15 -193 203 -132 -17 -196 -143 -248 223 -158 -59 -159 39 -36
TEST 2 ARG:170 154 -168 -125 -103 -34 -4 53 31 11 209 -137 -120 104 -212 3 92 -108 -218 137 -92 164 1 174 227 -146 -74 18 63 -16 -50 -95 156 -43 247 64 181 94 158 -190 -233 89 -122 65 -115 71 190 147 172 142 69 -154 145 -142 231 -7 194 67 76 100 186 -144 -191 -226 -124 17 32 43 -1 -244 111 -68 22 97 98 85 187 -240 62 -78 -182 201 232 220 -82 -131 78 -86 130 -155 -209 -40 14 45 -121 -163 109 235 -89 -169 -161 -165 -214 59 205 77 -203 55 -200 -198 -228 -133 234 224 -96 -10 -225 81 141 5 -237 -238 -75 84 248 2 35 122 8 -164 -192 222 -66 -175 -250 -247 -128 -12 167 178 114 -37 162 112 -162 245 243 99 -111 200 -141 -245 -80 -242 131 51 -76 20 129 42 -91 10 -189 -101 73 60 138 -104 7 -48 -119 -84 82 241 -236 160 74 23 -166 -29 -14 215 68 -8 185 -188 -246 -234 -9 -118 -87 -35 -58 -28 -232 58 -71 -55 189 50 -211 116 -90 157 -134 -187 -184 179 136 -54 -243 -185 153 72 166 -114 168 13 197 229 175 49 -183 -70 126 110 -206 101 -249 26 242 -215 -107 -145 246 128 188 56 192 48 -52 108 135 27 -2 -148 4 30 226 177 151 -153 219 240 -56 124 132 -18 -220 -26 230 149 125 -116 193 -239 9 46 -204 155 216 139 -150 180 38 -186 -45 -129 -65 -39 57 199 21 117 161 95 105 -41 134 -49 -63 12 -241 -147 152 -201 -27 148 -57 217 -46 -23 -217 41 -62 -224 195 54 -61 -171 -109 -152 -139 -123 90 -83 -174 -138 -219 -117 79 121 -231 88 25 -13 -157 -199 -216 93 123 118 249 -149 -100 -176 221 140 -178 103 -195 66 -172 -227 -6 -135 -21 233 127 -173 -73 119 -110 -77 19 -25 213 61 -15 210 238 24 228 -180 -222 159 -210 87 -22 -42 -47 182 91 -93 -32 -11 -156 96 -202 169 198 -99 107 163 -136 -94 113 -69 47 29 -170 -30 34 207 -205 80 -167 -19 120 176 -179 183 -72 106 -67 -81 -31 -181 -106 212 -98 -44 -208 36 -130 -197 -64 -53 -85 -112 206 -20 -88 -38 -235 70 -5 239 214 0 -24 40 -151 44 16 144 37 -33 -127 184 -213 211 208 -223 -97 -207 75 143 -230 -140 150 146 86 204 83 218 -160 52 33 -113 237 -177 225 133 173 -221 102 115 -102 -229 6 -126 -105 244 202 -3 196 191 -194 171 -79 -51 -60 236 165 28 15 -193 203 -132 -17 -196 -143 -248 223 -158 -59 -159 39 -36
TEST 3 ARG:-105 1 -194 -42 29 82 -141 -179 -121 206 59 -7 -9 229 46 84 135 -107 36 146 -238 93 70 118 -83 -197 -166 -30 91 -16 -176 -62 -123 176 -97 208 26 58 40 -182 56 240 -147 -39 -180 -136 90 68 -181 -80 -188 -118 10 -155 -187 154 218 -81 -18 199 220 -63 -53 94 51 -74 -84 -190 12 -28 -106 108 232 -38 83 -12 66 -3 192 20 -200 145 44 -125 -31 155 -226 9 168 -122 221 -22 -93 99 -204 -246 159 6 -56 156 -89 235 -244 226 -54 87 -112 -230 -249 120 149 -221 -32 -202 -207 -11 -23 69 4 -5 136 122 -236 -217 186 -14 -76 2 -114 -17 -26 -132 147 -115 194 -19 137 178 -72 -145 126 110 81 -29 -186 167 160 -48 50 153 -161 85 -116 228 -247 23 -208 -158 225 -75 -1 243 129 -69 181 114 140 8 142 148 175 -33 -203 197 -151 -157 227 92 -35 5 -55 163 119 -140 -189 -216 -27 15 77 103 112 -68 32 -40 -109 -146 -50 -49 -233 -134 238 -248 200 198 -131 -108 188 28 43 216 173 63 -52 177 236 18 -37 151 -228 -210 -232 -130 132 246 -234 -178 -148 86 -243 -137 -67 -104 115 -184 34 -91 231 -4 139 -225 -59 -13 123 -206 -94 53 -86 -78 130 150 -218 179 161 213 241 55 224 -212 -215 234 -231 158 -10 222 189 -224 -129 134 -220 219 182 -60 30 22 19 -58 -193 49 -144 117 183 -160 -98 -211 -239 247 76 204 -6 -65 100 125 -149 -174 195 185 245 -101 45 89 27 214 -45 -209 -128 165 -61 -177 -2 -191 162 47 116 -159 -126 -41 217 -250 169 -103 201 -90 -70 79 25 -237 71 65 -15 54 33 239 98 -77 -119 -201 141 171 38 -167 -235 31 166 -113 211 -152 -222 144 107 37 -164 3 -198 -120 -20 88 212 -156 152 -124 -173 143 -199 73 67 61 -71 80 -153 196 -24 -139 -34 230 -192 64 60 172 0 -36 -73 -82 202 249 -170 190 174 101 203 -110 -44 242 21 -213 16 -150 -143 -100 124 -175 -214 -219 11 41 105 244 -162 -185 -133 39 57 74 42 -51 104 -196 35 131 109 223 -165 -163 -64 205 210 -138 75 111 -242 138 7 -95 164 24 -99 -102 187 133 -117 17 -92 -245 72 207 -88 102 -25 -229 -223 -87 13 215 128 -169 191 -195 -183 127 95 -227 -135 -171 -142 14 -46 -8 96 209 -66 -85 180 237 184 170 -96 248 52 113 97 -111 193 157 -79 -57 -172 -21 121 233 -205 -47 -154 62 78 -241 -168 -240 48 -127 -43 106
TEST 3 ARG:-105 1 -194 -42 29 82 -141 -179 -121 206 59 -7 -9 229 46 84 135 -107 36 146 -238 93 70 118 -83 -197 -166 -30 91 -16 -176 -62 -123 176 -97 208 26 58 40 -182 56 240 -147 -39 -180 -136 90 68 -181 -80 -188 -118 10 -155 -187 154 218 -81 -18 199 220 -63 -53 94 51 -74 -84 -190 12 -28 -106 108 232 -38 83 -12 66 -3 192 20 -200 145 44 -125 -31 155 -226 9 168 -122 221 -22 -93 99 -204 -246 159 6 -56 156 -89 235 -244 226 -54 87 -112 -230 -249 120 149 -221 -32 -202 -207 -11 -23 69 4 -5 136 122 -236 -217 186 -14 -76 2 -114 -17 -26 -132 147 -115 194 -19 137 178 -72 -145 126 110 81 -29 -186 167 160 -48 50 153 -161 85 -116 228 -247 23 -208 -158 225 -75 -1 243 129 -69 181 114 140 8 142 148 175 -33 -203 197 -151 -157 227 92 -35 5 -55 163 119 -140 -189 -216 -27 15 77 103 112 -68 32 -40 -109 -146 -50 -49 -233 -134 238 -248 200 198 -131 -108 188 28 43 216 173 63 -52 177 236 18 -37 151 -228 -210 -232 -130 132 246 -234 -178 -148 86 -243 -137 -67 -104 115 -184 34 -91 231 -4 139 -225 -59 -13 123 -206 -94 53 -86 -78 130 150 -218 179 161 213 241 55 224 -212 -215 234 -231 158 -10 222 189 -224 -129 134 -220 219 182 -60 30 22 19 -58 -193 49 -144 117 183 -160 -98 -211 -239 247 76 204 -6 -65 100 125 -149 -174 195 185 245 -101 45 89 27 214 -45 -209 -128 165 -61 -177 -2 -191 162 47 116 -159 -126 -41 217 -250 169 -103 201 -90 -70 79 25 -237 71 65 -15 54 33 239 98 -77 -119 -201 141 171 38 -167 -235 31 166 -113 211 -152 -222 144 107 37 -164 3 -198 -120 -20 88 212 -156 152 -124 -173 143 -199 73 67 61 -71 80 -153 196 -24 -139 -34 230 -192 64 60 172 0 -36 -73 -82 202 249 -170 190 174 101 203 -110 -44 242 21 -213 16 -150 -143 -100 124 -175 -214 -219 11 41 105 244 -162 -185 -133 39 57 74 42 -51 104 -196 35 131 109 223 -165 -163 -64 205 210 -138 75 111 -242 138 7 -95 164 24 -99 -102 187 133 -117 17 -92 -245 72 207 -88 102 -25 -229 -223 -87 13 215 128 -169 191 -195 -183 127 95 -227 -135 -171 -142 14 -46 -8 96 209 -66 -85 180 237 184 170 -96 248 52 113 97 -111 193 157 -79 -57 -172 -21 121 233 -205 -47 -154 62 78 -241 -168 -240 48 -127 -43 106
TEST 4 ARG:246 -71 6 -147 115 21 -249 124 57 135 -141 -140 -245 16 159 12 236 -26 127 -132 170 86 50 132 -65 -79 32 54 162 179 217 -84 191 52 204 -54 142 110 78 83 -161 -129 131 144 -10 71 106 -164 200 -196 41 87 126 -12 35 -105 137 11 -127 -108 -231 -58 -116 -48 247 102 183 164 -190 93 -241 -4 188 113 -232 -185 -174 20 -92 212 -192 233 5 -97 -81 -47 -139 207 174 -121 70 89 116 -95 -75 -14 -49 0 148 -210 128 186 30 165 213 -193 -117 136 245 2 -67 -55 -87 -29 -126 7 37 210 -93 219 -159 146 155 51 9 -233 -76 -162 171 -188 -137 129 103 14 -197 -31 33 18 190 90 -21 84 108 211 95 40 -153 -167 -143 202 -1 55 118 -146 -229 -28 72 59 -83 139 -150 -198 -218 -169 -102 -103 -154 60 -156 214 91 -119 105 -88 -222 -115 -178 121 77 69 -130 161 -91 -171 244 -63 175 215 -228 -152 -25 203 -17 234 197 -155 -176 -109 -163 -24 -242 208 -57 156 -34 -157 28 -45 -199 130 177 -50 65 67 182 -51 225 -182 -223 -90 -99 68 172 -224 -181 -205 -128 81 194 -209 -96 232 -89 120 47 -123 44 -236 237 192 -144 -36 -46 29 196 -200 -134 46 -106 239 53 226 -149 23 15 242 201 111 -142 -41 -60 80 31 160 73 -179 4 173 -112 -175 185 -70 -187 10 -227 -204 74 -206 206 -78 -184 -59 36 -64 168 176 198 125 -215 101 -20 25 218 -98 150 -120 -110 24 141 34 114 -101 62 92 158 42 184 -77 76 -201 -250 -173 -53 228 82 241 -107 19 -73 229 -180 -9 -35 193 -135 88 66 -23 231 -151 -226 -32 -61 100 64 -124 249 -214 154 -8 -195 -216 -68 227 -125 75 -43 -2 -27 61 -7 -86 -237 109 248 48 -114 230 45 -243 97 3 -100 -72 222 119 63 -85 145 39 163 26 -39 -37 134 8 -194 -248 -239 189 107 223 49 -208 187 151 181 -212 -111 -235 -82 -74 -38 99 58 122 -18 -148 -6 -19 -168 235 1 -234 -217 -211 56 -62 -33 -3 117 152 -225 -165 17 -11 -122 195 180 13 -177 -183 -240 -5 -44 112 -80 147 140 94 -202 -22 243 -203 -207 -40 -219 224 -238 -15 209 199 -42 -30 -13 143 220 79 -186 -69 -220 -160 27 133 149 240 -66 -16 -113 22 -158 -56 -52 -244 221 104 178 166 -104 -230 -166 216 98 169 -131 157 -189 -133 96 -138 153 43 238 -145 -191 -213 -94 -246 -170 205 38 123 -221 167 138 -136 85 -172 -247 -118
TEST 4 ARG:246 -71 6 -147 115 21 -249 124 57 135 -141 -140 -245 16 159 12 236 -26 127 -132 170 86 50 132 -65 -79 32 54 162 179 217 -84 191 52 204 -54 142 110 78 83 -161 -129 131 144 -10 71 106 -164 200 -196 41 87 126 -12 35 -105 137 11 -127 -108 -231 -58 -116 -48 247 102 183 164 -190 93 -241 -4 188 113 -232 -185 -174 20 -92 212 -192 233 5 -97 -81 -47 -139 207 174 -121 70 89 116 -95 -75 -14 -49 0 148 -210 128 186 30 165 213 -193 -117 136 245 2 -67 -55 -87 -29 -126 7 37 210 -93 219 -159 146 155 51 9 -233 -76 -162 171 -188 -137 129 103 14 -197 -31 33 18 190 90 -21 84 108 211 95 40 -153 -167 -143 202 -1 55 118 -146 -229 -28 72 59 -83 139 -150 -198 -218 -169 -102 -103 -154 60 -156 214 91 -119 105 -88 -222 -115 -178 121 77 69 -130 161 -91 -171 244 -63 175 215 -228 -152 -25 203 -17 234 197 -155 -176 -109 -163 -24 -242 208 -57 156 -34 -157 28 -45 -199 130 177 -50 65 67 182 -51 225 -182 -223 -90 -99 68 172 -224 -181 -205 -128 81 194 -209 -96 232 -89 120 47 -123 44 -236 237 192 -144 -36 -46 29 196 -200 -134 46 -106 239 53 226 -149 23 15 242 201 111 -142 -41 -60 80 31 160 73 -179 4 173 -112 -175 185 -70 -187 10 -227 -204 74 -206 206 -78 -184 -59 36 -64 168 176 198 125 -215 101 -20 25 218 -98 150 -120 -110 24 141 34 114 -101 62 92 158 42 184 -77 76 -201 -250 -173 -53 228 82 241 -107 19 -73 229 -180 -9 -35 193 -135 88 66 -23 231 -151 -226 -32 -61 100 64 -124 249 -214 154 -8 -195 -216 -68 227 -125 75 -43 -2 -27 61 -7 -86 -237 109 248 48 -114 230 45 -243 97 3 -100 -72 222 119 63 -85 145 39 163 26 -39 -37 134 8 -194 -248 -239 189 107 223 49 -208 187 151 181 -212 -111 -235 -82 -74 -38 99 58 122 -18 -148 -6 -19 -168 235 1 -234 -217 -211 56 -62 -33 -3 117 152 -225 -165 17 -11 -122 195 180 13 -177 -183 -240 -5 -44 112 -80 147 140 94 -202 -22 243 -203 -207 -40 -219 224 -238 -15 209 199 -42 -30 -13 143 220 79 -186 -69 -220 -160 27 133 149 240 -66 -16 -113 22 -158 -56 -52 -244 221 104 178 166 -104 -230 -166 216 98 169 -131 157 -189 -133 96 -138 153 43 238 -145 -191 -213 -94 -246 -170 205 38 123 -221 167 138 -136 85 -172 -247 -118
TEST 5 ARG:75 -187 -168 64 43 -166 21 -40 63 232 -177 240 -121 -77 91 -1 155 -20 34 -134 -240 120 -94 -169 161 -5 -70 229 -239 107 -202 23 166 72 197 95 143 -246 -45 -58 -72 -249 196 -89 140 -85 60 -120 114 12 74 201 -245 -188 65 158 92 -57 231 41 -52 53 220 132 101 33 233 -42 -165 218 209 -206 82 204 -158 -49 224 235 85 113 88 -193 -191 145 203 -87 84 -154 29 -21 222 211 -93 152 -118 -4 207 -24 -189 16 -95 40 86 1 -114 96 -226 -248 -205 185 103 -139 -73 -215 -96 5 223 -111 13 -174 56 25 -25 -90 27 -141 15 -231 127 -102 -86 236 -116 31 77 117 49 141 -129 -243 -136 -170 -7 -203 -241 -10 -236 -192 191 172 -126 124 -91 -181 -127 -172 175 -17 -71 -198 -214 147 178 242 -3 -50 206 202 -124 80 -179 -13 -22 98 221 55 -160 -15 -30 73 -180 99 238 121 171 200 198 -36 138 3 -79 44 -107 -183 -69 37 -230 213 -35 -148 78 -101 -151 159 -224 -167 -128 -105 81 0 -122 170 19 -27 -76 -125 186 122 105 52 -47 -233 -67 20 167 -48 108 -159 -51 153 -115 39 -175 -43 -97 -88 -227 245 62 10 -237 -113 -110 173 -99 -173 102 -147 137 -108 -190 50 -123 -219 -220 30 151 -150 38 -194 -184 -83 -56 -32 -208 -209 -63 118 217 35 -60 -186 47 128 97 226 150 66 -250 133 182 100 227 144 214 -109 162 216 -211 148 -106 -229 234 -92 160 -197 -104 239 164 -78 -163 116 -213 -75 -98 -6 168 194 -9 -62 87 -41 210 184 109 -238 17 -74 219 -54 -46 135 183 -195 32 94 -130 -61 68 -176 -100 -144 110 -196 243 -200 -39 199 246 112 -28 149 180 -146 -210 76 225 142 134 -234 -37 106 -199 136 139 79 215 192 156 -216 -64 -119 157 24 244 187 -23 -65 -12 181 -18 -44 67 -84 58 -204 208 -207 205 -53 -145 54 71 4 -14 -68 26 -29 -228 9 -232 249 90 69 -164 179 -55 111 -132 -80 -135 -218 -155 -16 36 93 195 59 176 -152 126 188 46 -34 61 248 177 70 83 -38 48 42 -2 -235 28 -153 45 -140 -185 -156 2 -222 129 174 51 14 -201 -19 237 18 -212 123 -138 228 146 241 131 -117 -178 -133 -157 -182 169 -8 8 -217 -242 -66 -225 -11 -247 163 -171 190 22 7 -223 -244 -221 212 -59 125 -103 89 154 104 -137 115 -26 -33 57 -149 -31 193 165 -131 -161 -81 -143 6 -142 130 189 -112 -162 11 -82 230 119 247
TEST 5 ARG:75 -187 -168 64 43 -166 21 -40 63 232 -177 240 -121 -77 91 -1 155 -20 34 -134 -240 120 -94 -169 161 -5 -70 229 -239 107 -202 23 166 72 197 95 143 -246 -45 -58 -72 -249 196 -89 140 -85 60 -120 114 12 74 201 -245 -188 65 158 92 -57 231 41 -52 53 220 132 101 33 233 -42 -165 218 209 -206 82 204 -158 -49 224 235 85 113 88 -193 -191 145 203 -87 84 -154 29 -21 222 211 -93 152 -118 -4 207 -24 -189 16 -95 40 86 1 -114 96 -226 -248 -205 185 103 -139 -73 -215 -96 5 223 -111 13 -174 56 25 -25 -90 27 -141 15 -231 127 -102 -86 236 -116 31 77 117 49 141 -129 -243 -136 -170 -7 -203 -241 -10 -236 -192 191 172 -126 124 -91 -181 -127 -172 175 -17 -71 -198 -214 147 178 242 -3 -50 206 202 -124 80 -179 -13 -22 98 221 55 -160 -15 -30 73 -180 99 238 121 171 200 198 -36 138 3 -79 44 -107 -183 -69 37 -230 213 -35 -148 78 -101 -151 159 -224 -167 -128 -105 81 0 -122 170 19 -27 -76 -125 186 122 105 52 -47 -233 -67 20 167 -48 108 -159 -51 153 -115 39 -175 -43 -97 -88 -227 245 62 10 -237 -113 -110 173 -99 -173 102 -147 137 -108 -190 50 -123 -219 -220 30 151 -150 38 -194 -184 -83 -56 -32 -208 -209 -63 118 217 35 -60 -186 47 128 97 226 150 66 -250 133 182 100 227 144 214 -109 162 216 -211 148 -106 -229 234 -92 160 -197 -104 239 164 -78 -163 116 -213 -75 -98 -6 168 194 -9 -62 87 -41 210 184 109 -238 17 -74 219 -54 -46 135 183 -195 32 94 -130 -61 68 -176 -100 -144 110 -196 243 -200 -39 199 246 112 -28 149 180 -146 -210 76 225 142 134 -234 -37 106 -199 136 139 79 215 192 156 -216 -64 -119 157 24 244 187 -23 -65 -12 181 -18 -44 67 -84 58 -204 208 -207 205 -53 -145 54 71 4 -14 -68 26 -29 -228 9 -232 249 90 69 -164 179 -55 111 -132 -80 -135 -218 -155 -16 36 93 195 59 176 -152 126 188 46 -34 61 248 177 70 83 -38 48 42 -2 -235 28 -153 45 -140 -185 -156 2 -222 129 174 51 14 -201 -19 237 18 -212 123 -138 228 146 241 131 -117 -178 -133 -157 -182 169 -8 8 -217 -242 -66 -225 -11 -247 163 -171 190 22 7 -223 -244 -221 212 -59 125 -103 89 154 104 -137 115 -26 -33 57 -149 -31 193 165 -131 -161 -81 -143 6 -142 130 189 -112 -162 11 -82 230 119 247
TEST 6 ARG:-133 -189 94 -81 31 -127 -98 -132 -188 -194 -75 -200 -181 -61 -77 -109 -96 -242 121 44 -226 150 -73 171 -145 -37 -78 241 73 -222 -82 -103 -196 190 -217 -60 18 106 77 163 -111 -209 -153 -173 -206 -34 168 46 240 -1 -110 99 -118 160 38 103 -114 -85 -69 -64 -88 242 -191 -249 53 -35 138 -70 -247 -74 158 4 13 164 -236 220 -167 -100 125 76 -31 -183 50 90 151 -99 -6 -76 32 -195 -159 -48 16 95 -207 14 225 124 60 -224 -166 -141 130 132 201 -25 -193 -19 -72 -137 25 20 92 21 -9 149 249 131 234 -165 -62 -129 -237 -39 -248 33 185 105 -223 72 -15 -29 17 153 88 1 213 181 -4 -150 157 -151 143 -136 -192 -24 85 -50 23 -22 -187 206 -83 -54 -239 -32 -199 56 -49 -53 93 66 134 45 49 214 -179 146 111 47 -7 9 -36 231 -117 200 37 -63 -130 -97 203 -240 165 -42 243 -38 12 -211 41 -135 83 -51 118 -113 -44 197 71 -16 -134 -250 -55 221 116 -67 22 -168 75 81 10 40 144 -14 -146 51 236 -79 123 -235 -227 -11 188 166 -12 -59 48 -169 -13 -170 -8 42 -149 -197 63 -142 137 -91 147 86 -17 -212 -162 204 109 -205 120 -3 -66 -201 247 224 193 98 -26 -30 -180 173 113 183 115 87 -221 222 80 -43 110 -233 -116 -178 -128 199 -102 209 97 -144 -84 -58 219 170 126 100 -225 -106 -139 129 244 108 -93 -203 207 133 78 -20 -155 176 -123 -213 61 -90 182 107 -154 189 -87 211 135 -219 -231 -105 184 -210 -204 196 -140 26 70 239 159 -89 139 208 -41 -234 -122 -147 0 82 156 -156 238 245 -45 148 7 -152 43 -46 96 102 15 65 230 136 -243 -40 -28 155 161 186 -94 -21 34 162 -208 198 -245 175 69 178 -104 68 194 226 -182 24 19 57 6 -131 152 -143 62 177 195 215 8 212 141 205 114 223 -190 -126 -56 91 -164 -120 84 -112 -121 5 -80 -33 216 -215 -238 89 -71 237 -27 -186 104 187 179 36 -158 55 79 -175 228 74 -171 -176 122 248 142 -119 -232 29 210 -92 -124 -184 -246 -86 -216 27 -68 -115 172 232 -148 202 -244 154 39 191 -138 28 -10 -23 180 -174 67 -161 -57 112 -172 217 -198 -47 -101 145 -163 58 -202 117 3 167 -108 128 -160 233 -229 64 -218 246 -107 -230 -228 235 -52 -214 30 11 -177 -65 -2 218 52 169 59 -95 -5 -125 -157 119 -18 227 54 -185 -220 192 140 35 229 127 2 -241 174 101
TEST 6 ARG:-133 -189 94 -81 31 -127 -98 -132 -188 -194 -75 -200 -181 -61 -77 -109 -96 -242 121 44 -226 150 -73 171 -145 -37 -78 241 73 -222 -82 -103 -196 190 -217 -60 18 106 77 163 -111 -209 -153 -173 -206 -34 168 46 240 -1 -110 99 -118 160 38 103 -114 -85 -69 -64 -88 242 -191 -249 53 -35 138 -70 -247 -74 158 4 13 164 -236 220 -167 -100 125 76 -31 -183 50 90 151 -99 -6 -76 32 -195 -159 -48 16 95 -207 14 225 124 60 -224 -166 -141 130 132 201 -25 -193 -19 -72 -137 25 20 92 21 -9 149 249 131 234 -165 -62 -129 -237 -39 -248 33 185 105 -223 72 -15 -29 17 153 88 1 213 181 -4 -150 157 -151 143 -136 -192 -24 85 -50 23 -22 -187 206 -83 -54 -239 -32 -199 56 -49 -53 93 66 134 45 49 214 -179 146 111 47 -7 9 -36 231 -117 200 37 -63 -130 -97 203 -240 165 -42 243 -38 12 -211 41 -135 83 -51 118 -113 -44 197 71 -16 -134 -250 -55 221 116 -67 22 -168 75 81 10 40 144 -14 -146 51 236 -79 123 -235 -227 -11 188 166 -12 -59 48 -169 -13 -170 -8 42 -149 -197 63 -142 137 -91 147 86 -17 -212 -162 204 109 -205 120 -3 -66 -201 247 224 193 98 -26 -30 -180 173 113 183 115 87 -221 222 80 -43 110 -233 -116 -178 -128 199 -102 209 97 -144 -84 -58 219 170 126 100 -225 -106 -139 129 244 108 -93 -203 207 133 78 -20 -155 176 -123 -213 61 -90 182 107 -154 189 -87 211 135 -219 -231 -105 184 -210 -204 196 -140 26 70 239 159 -89 139 208 -41 -234 -122 -147 0 82 156 -156 238 245 -45 148 7 -152 43 -46 96 102 15 65 230 136 -243 -40 -28 155 161 186 -94 -21 34 162 -208 198 -245 175 69 178 -104 68 194 226 -182 24 19 57 6 -131 152 -143 62 177 195 215 8 212 141 205 114 223 -190 -126 -56 91 -164 -120 84 -112 -121 5 -80 -33 216 -215 -238 89 -71 237 -27 -186 104 187 179 36 -158 55 79 -175 228 74 -171 -176 122 248 142 -119 -232 29 210 -92 -124 -184 -246 -86 -216 27 -68 -115 172 232 -148 202 -244 154 39 191 -138 28 -10 -23 180 -174 67 -161 -57 112 -172 217 -198 -47 -101 145 -163 58 -202 117 3 167 -108 128 -160 233 -229 64 -218 246 -107 -230 -228 235 -52 -214 30 11 -177 -65 -2 218 52 169 59 -95 -5 -125 -157 119 -18 227 54 -185 -220 192 140 35 229 127 2 -241 174 101
TEST 7 ARG:-216 -30 -231 223 35 -137 199 -12 71 141 175 -86 -52 -19 -102 -160 198 95 115 -11 -64 103 30 90 -226 40 -43 13 -147 -250 -38 -16 -13 52 -165 179 -179 168 -245 112 -194 -109 241 -8 -156 -87 119 -9 207 -55 2 -2 171 -25 132 106 79 245 56 -124 -29 44 -249 193 -28 -202 -1 33 25 -174 134 -74 -78 -90 -243 -115 -61 244 129 -79 215 -27 -119 -103 72 143 -40 181 -62 144 -85 -227 -239 81 170 161 232 219 4 -127 53 88 -111 158 49 59 157 166 242 -94 -50 133 113 5 75 51 -209 -123 214 160 101 -84 107 136 174 -100 -36 -17 -91 -121 -225 140 -181 -56 237 -234 228 189 -116 20 -200 -213 -159 -59 -230 8 3 87 221 -171 -189 -211 73 -235 -242 -83 -188 -223 185 -133 58 249 -88 123 -93 93 117 121 -113 -177 142 -161 -98 122 -20 155 -191 182 203 -140 -151 -92 208 77 100 -32 -215 -168 -146 -204 -236 -128 104 98 -39 -105 69 7 191 57 96 32 -187 21 -197 -45 -244 -152 152 67 -10 -144 -186 -81 233 -148 -75 -184 31 -237 -141 1 246 54 153 45 94 -108 -122 27 -199 39 178 -182 -114 62 146 -5 211 139 -157 -44 -164 231 80 162 212 -3 97 -205 -120 118 196 -176 26 -54 -135 205 102 -126 109 -6 154 -58 -136 234 -206 -132 165 148 28 76 23 15 34 186 -129 -68 213 63 -118 -101 9 -163 48 -228 37 243 -134 -24 226 125 -173 110 -192 145 -238 240 -145 147 -66 -73 -154 -48 -246 -170 83 -89 -18 50 -69 -172 -67 248 14 -218 -153 18 -72 -110 116 -82 -70 -195 -60 43 105 -143 236 120 -106 -51 135 -175 -95 238 -142 -224 224 66 188 99 -76 -4 184 -198 151 -77 -180 -183 17 -190 42 47 -7 92 -138 235 156 -221 -167 138 60 218 149 -217 -22 6 -65 194 209 131 38 -42 85 126 91 41 -185 -31 167 137 187 176 -35 202 -49 -96 172 130 78 -47 22 200 247 -158 82 29 225 -46 177 -112 -26 127 -169 -229 -155 -232 -41 -71 -149 111 114 206 164 -222 -139 11 128 -131 68 -178 -80 -220 74 19 10 -63 -208 222 -14 -210 -15 -21 -33 229 -219 108 -130 163 150 -23 192 -233 0 -193 190 217 183 -150 159 70 55 86 201 -248 -166 12 -207 89 -37 84 24 169 173 195 -247 -241 197 -107 -212 -214 239 16 -125 46 -240 -201 -97 -196 61 64 204 -34 220 -53 -117 230 -104 -99 227 -203 -57 -162 36 180 65 124 216 210
TEST 7 ARG:-216 -30 -231 223 35 -137 199 -12 71 141 175 -86 -52 -19 -102 -160 198 95 115 -11 -64 103 30 90 -226 40 -43 13 -147 -250 -38 -16 -13 52 -165 179 -179 168 -245 112 -194 -109 241 -8 -156 -87 119 -9 207 -55 2 -2 171 -25 132 106 79 245 56 -124 -29 44 -249 193 -28 -202 -1 33 25 -174 134 -74 -78 -90 -243 -115 -61 244 129 -79 215 -27 -119 -103 72 143 -40 181 -62 144 -85 -227 -239 81 170 161 232 219 4 -127 53 88 -111 158 49 59 157 166 242 -94 -50 133 113 5 75 51 -209 -123 214 160 101 -84 107 136 174 -100 -36 -17 -91 -121 -225 140 -181 -56 237 -234 228 189 -116 20 -200 -213 -159 -59 -230 8 3 87 221 -171 -189 -211 73 -235 -242 -83 -188 -223 185 -133 58 249 -88 123 -93 93 117 121 -113 -177 142 -161 -98 122 -20 155 -191 182 203 -140 -151 -92 208 77 100 -32 -215 -168 -146 -204 -236 -128 104 98 -39 -105 69 7 191 57 96 32 -187 21 -197 -45 -244 -152 152 67 -10 -144 -186 -81 233 -148 -75 -184 31 -237 -141 1 246 54 153 45 94 -108 -122 27 -199 39 178 -182 -114 62 146 -5 211 139 -157 -44 -164 231 80 162 212 -3 97 -205 -120 118 196 -176 26 -54 -135 205 102 -126 109 -6 154 -58 -136 234 -206 -132 165 148 28 76 23 15 34 186 -129 -68 213 63 -118 -101 9 -163 48 -228 37 243 -134 -24 226 125 -173 110 -192 145 -238 240 -145 147 -66 -73 -154 -48 -246 -170 83 -89 -18 50 -69 -172 -67 248 14 -218 -153 18 -72 -110 116 -82 -70 -195 -60 43 105 -143 236 120 -106 -51 135 -175 -95 238 -142 -224 224 66 188 99 -76 -4 184 -198 151 -77 -180 -183 17 -190 42 47 -7 92 -138 235 156 -221 -167 138 60 218 149 -217 -22 6 -65 194 209 131 38 -42 85 126 91 41 -185 -31 167 137 187 176 -35 202 -49 -96 172 130 78 -47 22 200 247 -158 82 29 225 -46 177 -112 -26 127 -169 -229 -155 -232 -41 -71 -149 111 114 206 164 -222 -139 11 128 -131 68 -178 -80 -220 74 19 10 -63 -208 222 -14 -210 -15 -21 -33 229 -219 108 -130 163 150 -23 192 -233 0 -193 190 217 183 -150 159 70 55 86 201 -248 -166 12 -207 89 -37 84 24 169 173 195 -247 -241 197 -107 -212 -214 239 16 -125 46 -240 -201 -97 -196 61 64 204 -34 220 -53 -117 230 -104 -99 227 -203 -57 -162 36 180 65 124 216 210
TEST 8 ARG:94 171 -78 41 88 36 173 -162 -152 118 193 -122 149 73 -49 -115 85 -37 -226 172 -47 -144 -88 -15 214 -20 -11 115 -69 210 -54 208 231 134 209 -143 17 243 87 2 -204 205 217 163 -93 -41 167 -231 62 200 136 -33 181 139 152 78 248 130 -62 46 -60 -9 -186 -148 -166 -245 -96 51 -120 -48 53 0 -50 -53 -107 211 37 9 177 -98 26 21 233 -244 71 -64 97 19 -131 -136 -206 -142 110 237 -235 122 -26 13 -201 109 176 91 104 191 -168 -248 -184 61 107 186 -212 162 16 33 -137 39 -176 35 -194 -173 -222 -72 29 12 -139 245 22 -3 -2 -183 -110 -85 -108 -46 148 113 49 -56 -177 232 -67 -158 -77 -84 -127 -145 102 -99 -35 -68 75 -27 -74 23 -106 230 95 -141 106 195 -210 -203 124 112 -218 164 25 84 -24 -28 238 116 -227 196 -147 -58 -130 -171 38 -228 82 180 166 108 194 -1 -190 105 159 -191 -89 -160 -220 -116 -249 156 74 138 -164 145 -101 -32 246 -167 -217 -59 66 -81 -155 -43 -250 -105 -195 81 -104 117 44 -92 -121 -182 -97 -30 43 -113 153 -31 -21 54 -205 15 -75 220 244 -159 -63 -8 168 125 -229 -161 -223 -7 63 -196 24 182 -135 -18 146 206 -25 247 -102 151 131 96 -34 4 -5 -140 -61 -219 56 -51 -180 6 219 42 -241 -125 226 -39 -247 -114 -200 126 218 3 50 129 123 -117 249 -214 31 -83 -188 -236 86 -240 144 135 -225 101 111 -86 228 178 -12 20 225 201 -82 114 242 52 -169 32 189 199 76 202 234 137 -185 212 -146 -44 183 -149 169 216 47 34 197 170 -232 -119 121 -79 192 213 83 -123 240 -230 119 -153 -181 -238 227 203 -242 55 70 229 -150 -19 -103 -71 -237 174 -172 239 10 157 -124 -118 57 -129 65 99 161 -224 -157 158 -199 -4 -111 45 -174 1 -163 77 141 -22 11 -42 -187 58 -13 -55 -80 28 165 -76 140 5 64 67 -66 143 89 190 207 150 -215 -40 -52 184 155 79 30 -175 -211 -189 -239 -87 -178 120 -234 160 175 -90 147 154 -126 215 236 -100 185 -216 59 -151 -70 179 -36 -133 -207 92 69 142 -112 133 -38 -109 -198 90 68 -10 -170 80 -213 -17 -154 188 -73 -221 221 -209 18 7 -16 60 100 48 -29 -202 -138 235 -65 40 -132 72 -94 204 -233 -91 -128 -165 27 -243 187 -134 14 -208 -95 224 132 128 198 93 241 -197 -45 222 -246 -193 103 127 -23 98 -156 -6 -57 -179 223 8 -14 -192
TEST 8 ARG:94 171 -78 41 88 36 173 -162 -152 118 193 -122 149 73 -49 -115 85 -37 -226 172 -47 -144 -88 -15 214 -20 -11 115 -69 210 -54 208 231 134 209 -143 17 243 87 2 -204 205 217 163 -93 -41 167 -231 62 200 136 -33 181 139 152 78 248 130 -62 46 -60 -9 -186 -148 -166 -245 -96 51 -120 -48 53 0 -50 -53 -107 211 37 9 177 -98 26 21 233 -244 71 -64 97 19 -131 -136 -206 -142 110 237 -235 122 -26 13 -201 109 176 91 104 191 -168 -248 -184 61 107 186 -212 162 16 33 -137 39 -176 35 -194 -173 -222 -72 29 12 -139 245 22 -3 -2 -183 -110 -85 -108 -46 148 113 49 -56 -177 232 -67 -158 -77 -84 -127 -145 102 -99 -35 -68 75 -27 -74 23 -106 230 95 -141 106 195 -210 -203 124 112 -218 164 25 84 -24 -28 238 116 -227 196 -147 -58 -130 -171 38 -228 82 180 166 108 194 -1 -190 105 159 -191 -89 -160 -220 -116 -249 156 74 138 -164 145 -101 -32 246 -167 -217 -59 66 -81 -155 -43 -250 -105 -195 81 -104 117 44 -92 -121 -182 -97 -30 43 -113 153 -31 -21 54 -205 15 -75 220 244 -159 -63 -8 168 125 -229 -161 -223 -7 63 -196 24 182 -135 -18 146 206 -25 247 -102 151 131 96 -34 4 -5 -140 -61 -219 56 -51 -180 6 219 42 -241 -125 226 -39 -247 -114 -200 126 218 3 50 129 123 -117 249 -214 31 -83 -188 -236 86 -240 144 135 -225 101 111 -86 228 178 -12 20 225 201 -82 114 242 52 -169 32 189 199 76 202 234 137 -185 212 -146 -44 183 -149 169 216 47 34 197 170 -232 -119 121 -79 192 213 83 -123 240 -230 119 -153 -181 -238 227 203 -242 55 70 229 -150 -19 -103 -71 -237 174 -172 239 10 157 -124 -118 57 -129 65 99 161 -224 -157 158 -199 -4 -111 45 -174 1 -163 77 141 -22 11 -42 -187 58 -13 -55 -80 28 165 -76 140 5 64 67 -66 143 89 190 207 150 -215 -40 -52 184 155 79 30 -175 -211 -189 -239 -87 -178 120 -234 160 175 -90 147 154 -126 215 236 -100 185 -216 59 -151 -70 179 -36 -133 -207 92 69 142 -112 133 -38 -109 -198 90 68 -10 -170 80 -213 -17 -154 188 -73 -221 221 -209 18 7 -16 60 100 48 -29 -202 -138 235 -65 40 -132 72 -94 204 -233 -91 -128 -165 27 -243 187 -134 14 -208 -95 224 132 128 198 93 241 -197 -45 222 -246 -193 103 127 -23 98 -156 -6 -57 -179 223 8 -14 -192
TEST 9 ARG:165 -137 -20 146 -130 -10 -17 -132 -25 -198 156 17 194 -53 192 100 222 -217 160 185 51 200 -117 138 -202 168 -165 -207 87 -136 -126 -72 201 -106 127 19 69 46 170 -178 -231 -179 -243 97 -23 -65 -205 123 93 212 -197 -226 223 -170 75 -41 -16 57 -30 -67 -102 -199 -184 22 -240 -104 -245 202 -151 -135 -182 -158 -123 -9 -107 152 150 70 -160 -44 -159 -208 -101 -119 230 112 131 132 -56 -134 211 181 -229 -31 -75 94 82 124 -78 -142 -219 61 -39 92 40 -94 86 -144 9 74 -110 -96 -162 247 -163 143 -37 -11 -177 118 27 -13 191 77 206 25 -121 106 231 14 199 10 -161 -233 -1 -238 -244 187 -218 244 33 -201 -93 169 243 -73 68 -90 -3 -250 -68 140 -89 241 114 175 -5 -59 -168 -188 -215 -51 -33 73 226 -186 -47 -149 163 -147 220 -34 161 184 -210 -228 -195 -35 -100 79 12 -167 -212 2 108 -46 64 148 213 -79 91 -28 -227 65 157 -74 225 49 -222 71 7 203 197 -191 28 120 32 20 234 229 119 -21 8 196 4 78 -146 126 246 130 167 60 198 -87 -214 -133 105 -166 89 102 -169 237 215 -109 235 188 -15 -200 -114 -29 144 -216 125 -127 66 26 -128 218 -189 -55 -213 -230 -224 173 128 -98 -246 21 37 219 -139 -61 5 -76 99 174 236 -120 -153 134 -206 -164 76 -196 -80 -141 101 172 15 110 129 -19 63 137 45 208 214 39 -211 42 -6 34 -174 16 209 -192 162 -173 -190 -103 182 -97 111 -36 135 -241 55 248 158 224 116 -38 -40 -111 221 -204 121 85 -58 31 228 36 113 -176 -66 204 240 -63 227 -249 -235 -62 -152 23 238 104 149 1 -180 83 59 -248 24 -7 242 -116 245 183 -122 -77 -154 -99 -69 210 -64 -185 -52 109 153 35 72 96 47 43 -8 -236 -223 -115 -183 -91 -32 0 -209 -118 207 155 -18 145 -124 -27 -247 -84 136 90 11 -125 -82 189 -22 -232 239 -83 -221 -85 117 -26 84 -220 232 -14 -187 166 178 67 -49 186 30 176 29 -175 88 217 216 -50 -86 -92 54 -171 -70 -157 139 62 -150 81 -112 -155 -113 -105 177 133 -193 18 -143 -81 -48 -54 249 -140 -57 3 -239 95 6 58 154 -71 171 -181 147 -194 179 -108 -203 195 180 -237 41 164 141 52 48 107 193 98 -242 103 -4 205 -156 -172 -12 -95 -43 151 -148 115 53 -129 56 -42 -225 -138 -2 122 13 -60 80 38 159 233 -24 -45 -88 -145 50 -131 190 142 -234 44
TEST 9 ARG:165 -137 -20 146 -130 -10 -17 -132 -25 -198 156 17 194 -53 192 100 222 -217 160 185 51 200 -117 138 -202 168 -165 -207 87 -136 -126 -72 201 -106 127 19 69 46 170 -178 -231 -179 -243 97 -23 -65 -205 123 93 212 -197 -226 223 -170 75 -41 -16 57 -30 -67 -102 -199 -184 22 -240 -104 -245 202 -151 -135 -182 -158 -123 -9 -107 152 150 70 -160 -44 -159 -208 -101 -119 230 112 131 132 -56 -134 211 181 -229 -31 -75 94 82 124 -78 -142 -219 61 -39 92 40 -94 86 -144 9 74 -110 -96 -162 247 -163 143 -37 -11 -177 118 27 -13 191 77 206 25 -121 106 231 14 199 10 -161 -233 -1 -238 -244 187 -218 244 33 -201 -93 169 243 -73 68 -90 -3 -250 -68 140 -89 241 114 175 -5 -59 -168 -188 -215 -51 -33 73 226 -186 -47 -149 163 -147 220 -34 161 184 -210 -228 -195 -35 -100 79 12 -167 -212 2 108 -46 64 148 213 -79 91 -28 -227 65 157 -74 225 49 -222 71 7 203 197 -191 28 120 32 20 234 229 119 -21 8 196 4 78 -146 126 246 130 167 60 198 -87 -214 -133 105 -166 89 102 -169 237 215 -109 235 188 -15 -200 -114 -29 144 -216 125 -127 66 26 -128 218 -189 -55 -213 -230 -224 173 128 -98 -246 21 37 219 -139 -61 5 -76 99 174 236 -120 -153 134 -206 -164 76 -196 -80 -141 101 172 15 110 129 -19 63 137 45 208 214 39 -211 42 -6 34 -174 16 209 -192 162 -173 -190 -103 182 -97 111 -36 135 -241 55 248 158 224 116 -38 -40 -111 221 -204 121 85 -58 31 228 36 113 -176 -66 204 240 -63 227 -249 -235 -62 -152 23 238 104 149 1 -180 83 59 -248 24 -7 242 -116 245 183 -122 -77 -154 -99 -69 210 -64 -185 -52 109 153 35 72 96 47 43 -8 -236 -223 -115 -183 -91 -32 0 -209 -118 207 155 -18 145 -124 -27 -247 -84 136 90 11 -125 -82 189 -22 -232 239 -83 -221 -85 117 -26 84 -220 232 -14 -187 166 178 67 -49 186 30 176 29 -175 88 217 216 -50 -86 -92 54 -171 -70 -157 139 62 -150 81 -112 -155 -113 -105 177 133 -193 18 -143 -81 -48 -54 249 -140 -57 3 -239 95 6 58 154 -71 171 -181 147 -194 179 -108 -203 195 180 -237 41 164 141 52 48 107 193 98 -242 103 -4 205 -156 -172 -12 -95 -43 151 -148 115 53 -129 56 -42 -225 -138 -2 122 13 -60 80 38 159 233 -24 -45 -88 -145 50 -131 190 142 -234 44
TEST 10 ARG:68 56 151 -155 -242 -152 10 162 212 -21 -156 6 86 201 -10 66 240 119 -100 -81 -235 88 -164 -141 169 -244 -165 51 -210 -205 -53 -250 148 -90 177 -51 -106 -108 -160 242 236 -87 -245 -137 -61 -71 -144 -189 154 109 -2 -161 -97 -58 46 239 223 -169 237 -163 -19 93 228 -238 214 -112 -39 8 -28 -221 -48 -83 81 -162 147 183 116 241 126 -88 7 61 -153 129 -66 150 16 225 -157 89 98 27 167 184 -199 -63 222 -35 -228 -190 25 -115 141 -177 -104 84 2 -138 -107 -89 -116 62 -96 181 145 -105 182 87 -175 -77 187 -239 -215 -185 -49 -12 -234 -167 -7 97 144 92 -16 72 -64 -179 80 -118 -154 -192 -14 77 79 -113 204 49 78 118 -52 -146 -236 -123 155 -197 -75 95 -131 60 235 -23 75 219 71 94 85 -172 -139 -136 180 -200 136 96 -17 99 -9 186 232 -73 -206 -45 30 -170 -145 244 -217 -193 11 -134 -84 125 -181 164 -233 161 -79 -130 -188 -133 -20 -211 -166 23 -247 203 173 -74 100 -25 134 -117 121 179 -103 216 -187 -231 -5 -27 206 73 217 -22 41 -120 13 -171 5 -237 -60 31 152 55 -148 101 -101 -216 69 248 198 -186 -36 -82 131 -70 175 -213 107 -62 157 83 -125 -182 20 135 -91 50 -227 172 32 -226 -47 215 168 218 40 -98 59 221 128 17 -18 -159 9 -174 58 246 -229 12 124 115 224 -95 153 207 53 48 143 -176 -249 199 -110 45 233 205 28 -212 229 24 -92 26 -4 -208 14 19 -94 231 227 -111 189 15 -224 -126 110 -93 74 127 36 -121 149 -30 82 -184 -3 138 33 64 -41 76 146 230 -78 191 -44 57 197 111 137 130 -15 -196 -114 178 -54 -37 21 -67 90 -209 195 -135 4 -219 -102 -56 91 159 103 -203 -69 -201 114 -240 39 -8 -38 -225 210 -180 -11 176 -46 -243 -13 63 -248 139 104 160 -119 174 -143 202 -223 117 196 -222 52 156 -99 -24 238 106 -202 70 -29 -109 188 0 -183 -147 43 44 -72 163 -85 -140 132 -198 -218 -43 3 209 42 171 67 112 -31 -178 226 120 165 -127 102 -142 213 -151 158 -241 65 -232 -128 -194 -124 -86 108 18 -68 -129 220 54 113 -76 34 140 249 234 -42 -26 -204 -55 -173 38 194 -80 105 166 142 22 37 -122 -207 170 -57 122 200 -59 -32 133 29 192 -65 -40 185 -34 -214 -149 -132 -230 47 -168 -50 123 208 247 -150 243 -33 -1 -220 -6 -195 -191 190 245 -158 -246 35 211 1 193
TEST 10 ARG:68 56 151 -155 -242 -152 10 162 212 -21 -156 6 86 201 -10 66 240 119 -100 -81 -235 88 -164 -141 169 -244 -165 51 -210 -205 -53 -250 148 -90 177 -51 -106 -108 -160 242 236 -87 -245 -137 -61 -71 -144 -189 154 109 -2 -161 -97 -58 46 239 223 -169 237 -163 -19 93 228 -238 214 -112 -39 8 -28 -221 -48 -83 81 -162 147 183 116 241 126 -88 7 61 -153 129 -66 150 16 225 -157 89 98 27 167 184 -199 -63 222 -35 -228 -190 25 -115 141 -177 -104 84 2 -138 -107 -89 -116 62 -96 181 145 -105 182 87 -175 -77 187 -239 -215 -185 -49 -12 -234 -167 -7 97 144 92 -16 72 -64 -179 80 -118 -154 -192 -14 77 79 -113 204 49 78 118 -52 -146 -236 -123 155 -197 -75 95 -131 60 235 -23 75 219 71 94 85 -172 -139 -136 180 -200 136 96 -17 99 -9 186 232 -73 -206 -45 30 -170 -145 244 -217 -193 11 -134 -84 125 -181 164 -233 161 -79 -130 -188 -133 -20 -211 -166 23 -247 203 173 -74 100 -25 134 -117 121 179 -103 216 -187 -231 -5 -27 206 73 217 -22 41 -120 13 -171 5 -237 -60 31 152 55 -148 101 -101 -216 69 248 198 -186 -36 -82 131 -70 175 -213 107 -62 157 83 -125 -182 20 135 -91 50 -227 172 32 -226 -47 215 168 218 40 -98 59 221 128 17 -18 -159 9 -174 58 246 -229 12 124 115 224 -95 153 207 53 48 143 -176 -249 199 -110 45 233 205 28 -212 229 24 -92 26 -4 -208 14 19 -94 231 227 -111 189 15 -224 -126 110 -93 74 127 36 -121 149 -30 82 -184 -3 138 33 64 -41 76 146 230 -78 191 -44 57 197 111 137 130 -15 -196 -114 178 -54 -37 21 -67 90 -209 195 -135 4 -219 -102 -56 91 159 103 -203 -69 -201 114 -240 39 -8 -38 -225 210 -180 -11 176 -46 -243 -13 63 -248 139 104 160 -119 174 -143 202 -223 117 196 -222 52 156 -99 -24 238 106 -202 70 -29 -109 188 0 -183 -147 43 44 -72 163 -85 -140 132 -198 -218 -43 3 209 42 171 67 112 -31 -178 226 120 165 -127 102 -142 213 -151 158 -241 65 -232 -128 -194 -124 -86 108 18 -68 -129 220 54 113 -76 34 140 249 234 -42 -26 -204 -55 -173 38 194 -80 105 166 142 22 37 -122 -207 170 -57 122 200 -59 -32 133 29 192 -65 -40 185 -34 -214 -149 -132 -230 47 -168 -50 123 208 247 -150 243 -33 -1 -220 -6 -195 -191 190 245 -158 -246 35 211 1 193
All size test
TEST 1 ARG:1 0
TEST 2 ARG:1 0
TEST 3 ARG:0 1
TEST 4 ARG:1 0
TEST 5 ARG:0 1
